cmd: ./build/matmul_single_JIK 4096
events: Ir
fl=/home/usercs24mt018/cs601pa1-NileshBarandwal/src/matmul.cpp
fn=_GLOBAL__sub_I__Z15matrix_multiplyPKfS0_Pfi
162 2
fn=main
106 7
113 7
114 3
115 3
118 4
128 16397
129 50343936
130 83886080
131 83886080
132 16777216
137 2
138 5
139 1
142 4
156 2
157 2
158 2
162 9
fn=matrix_multiply(float const*, float const*, float*, int)
18 16777225
52 28679
53 117448704
54 33554432
55 274894684160
56 206158430208
58 16777216
104 4
fl=/usr/include/c++/11/bits/basic_ios.h
fn=main
49 2
fl=/usr/include/c++/11/bits/locale_facets.h
fn=main
877 2
878 1
fl=/usr/include/c++/11/chrono
fn=main
227 4
666 1
fl=/usr/include/c++/11/iostream
fn=_GLOBAL__sub_I__Z15matrix_multiplyPKfS0_Pfi
74 6
fl=/usr/include/c++/11/ostream
fn=main
228 4
685 7
707 1
fl=/usr/include/stdlib.h
fn=main
363 6
fl=/usr/src/debug/glibc-2.34-100.el9_4.3.x86_64/elf/../bits/stdlib-bsearch.h
fn=intel_check_word.constprop.0
27 96
28 48
29 648
31 648
32 324
35 264
37 120
fl=/usr/src/debug/glibc-2.34-100.el9_4.3.x86_64/elf/../elf/dl-tls.c
fn=_dl_add_to_slotinfo
1105 16
1111 2
1114 2
1115 2
1119 6
1155 4
1158 6
1159 6
1162 12
fn=_dl_allocate_tls_init
564 10
565 2
569 2
571 4
572 1
575 2
578 3
590 1
595 20
601 7
604 6
605 4
611 6
612 4
614 10
615 2
617 4
618 4
621 4
622 8
624 4
625 4
634 2
642 4
644 16
650 2
656 2
659 2
662 9
fn=_dl_allocate_tls_storage
88 1
94 1
448 5
450 1
461 1
465 1
466 3
477 4
478 1
482 321
501 1
503 2
504 2
509 5
fn=_dl_assign_tls_modid
156 4
159 4
172 2
212 2
214 2
217 2
218 4
fn=_dl_count_modids
223 1
225 2
226 1
241 2
fn=_dl_determine_tlsoffset
247 8
248 1
249 1
250 1
253 3
256 2
290 1
292 16
294 7
296 6
297 4
299 4
301 10
312 2
317 16
319 4
320 2
332 1
333 6
335 2
385 1
386 8
fn=_dl_tls_initial_modid_limit_setup
1087 1
1088 1
1090 10
1092 9
1093 6
1096 4
1099 1
1100 1
fn=_dl_tls_static_surplus_init
108 3
122 6
126 6
127 6
133 2
135 4
138 1
140 1
142 3
143 5
fn=allocate_dtv
391 4
396 1
400 1
401 1
402 2
405 1
411 3
417 4
fl=/usr/src/debug/glibc-2.34-100.el9_4.3.x86_64/elf/../include/list.h
fn=__tls_init_tp
44 2
45 2
46 1
48 1
fl=/usr/src/debug/glibc-2.34-100.el9_4.3.x86_64/elf/../include/rtld-malloc.h
fn=_dl_allocate_tls_storage
56 1
fn=_dl_check_map_versions
44 18
fn=_dl_important_hwcaps
56 4
fn=_dl_init_paths
56 3
fn=_dl_map_object_deps
56 12
fn=_dl_new_object
44 24
56 15
fn=allocate_dtv
44 2
fn=do_lookup_x
44 12
fn=init_tls
44 2
fn=open_verify.constprop.0
50 10
fn=rtld_calloc
56 17
fl=/usr/src/debug/glibc-2.34-100.el9_4.3.x86_64/elf/../include/scratch_buffer.h
fn=_dl_map_object_deps
77 3
78 1
85 3
131 15
fl=/usr/src/debug/glibc-2.34-100.el9_4.3.x86_64/elf/../misc/sbrk.c
fn=sbrk
37 5
40 1
58 2
62 2
78 5
fl=/usr/src/debug/glibc-2.34-100.el9_4.3.x86_64/elf/../sysdeps/generic/dl-cache.h
fn=_dl_load_cache_lookup
194 1
195 5
fn=search_cache
125 20
fl=/usr/src/debug/glibc-2.34-100.el9_4.3.x86_64/elf/../sysdeps/generic/dl-hash.h
fn=__rtld_malloc_init_real
43 1
44 1
45 28
48 18
62 24
67 1
72 1
fl=/usr/src/debug/glibc-2.34-100.el9_4.3.x86_64/elf/../sysdeps/generic/ldsodefs.h
fn=_dl_new_object
1390 48
fn=_dl_relocate_object
138 13509
fn=_dl_start
80 2
fn=do_lookup_x
138 9636
fl=/usr/src/debug/glibc-2.34-100.el9_4.3.x86_64/elf/../sysdeps/nptl/dl-mutex.c
fn=__rtld_mutex_init
30 4
37 1
40 7
44 2
45 9
47 6
51 2
52 7
53 4
fl=/usr/src/debug/glibc-2.34-100.el9_4.3.x86_64/elf/../sysdeps/nptl/dl-tls_init_tp.c
fn=__tls_init_tp
68 3
69 1
72 1
75 4
76 2
77 1
82 2
87 2
89 1
90 1
93 3
106 4
123 3
130 2
131 3
fn=__tls_pre_init_tp
53 1
56 3
57 3
58 3
61 2
62 1
64 1
fn=rtld_mutex_dummy
42 258
44 516
fl=/usr/src/debug/glibc-2.34-100.el9_4.3.x86_64/elf/../sysdeps/posix/dl-fileid.h
fn=_dl_map_object_from_fd
37 25
40 10
41 10
49 60
fl=/usr/src/debug/glibc-2.34-100.el9_4.3.x86_64/elf/../sysdeps/unix/sysv/linux/brk.c
fn=brk
36 1
37 1
38 2
44 1
45 1
fl=/usr/src/debug/glibc-2.34-100.el9_4.3.x86_64/elf/../sysdeps/unix/sysv/linux/brk_call.h
fn=brk
24 2
fl=/usr/src/debug/glibc-2.34-100.el9_4.3.x86_64/elf/../sysdeps/unix/sysv/linux/dl-osinfo.h
fn=dl_main
64 2
fl=/usr/src/debug/glibc-2.34-100.el9_4.3.x86_64/elf/../sysdeps/unix/sysv/linux/dl-parse_auxv.h
fn=_dl_sysdep_parse_arguments
32 2
33 1
34 1
41 84
42 40
43 40
45 2
46 2
47 2
48 2
49 2
50 2
51 2
52 2
53 2
54 2
fl=/usr/src/debug/glibc-2.34-100.el9_4.3.x86_64/elf/../sysdeps/unix/sysv/linux/dl-sysdep.c
fn=_dl_discover_osversion
258 5
260 3
300 4
315 1
319 1
320 1
322 12
324 6
326 17
328 1
329 4
332 3
333 3
334 3
336 13
341 2
345 5
fn=_dl_sysdep_parse_arguments
78 7
79 2
80 2
81 3
82 47
83 97
86 2
90 56
93 2
94 2
95 2
96 7
fn=_dl_sysdep_start
102 4
103 1
106 2
110 2
113 1
115 2
122 3
123 2
125 5
137 3
140 5
143 4
fn=_dl_sysdep_start_cleanup
147 1
148 1
fl=/usr/src/debug/glibc-2.34-100.el9_4.3.x86_64/elf/../sysdeps/unix/sysv/linux/dl-vdso-setup.h
fn=dl_main
30 3
33 1
36 1
39 1
45 1
fl=/usr/src/debug/glibc-2.34-100.el9_4.3.x86_64/elf/../sysdeps/unix/sysv/linux/dl-vdso.h
fn=dl_main
40 1
41 2
55 2
fl=/usr/src/debug/glibc-2.34-100.el9_4.3.x86_64/elf/../sysdeps/unix/sysv/linux/rseq-internal.h
fn=__tls_init_tp
32 3
34 7
37 2
40 1
fl=/usr/src/debug/glibc-2.34-100.el9_4.3.x86_64/elf/../sysdeps/unix/sysv/linux/x86/cpu-features.c
fn=init_cpu_features.constprop.0
27 6
fl=/usr/src/debug/glibc-2.34-100.el9_4.3.x86_64/elf/../sysdeps/unix/sysv/linux/x86/dl-minsigstacksize.h
fn=get_common_indices.constprop.0
24 2
27 2
28 2
65 3
72 1
74 1
fl=/usr/src/debug/glibc-2.34-100.el9_4.3.x86_64/elf/../sysdeps/x86/cpu-features.c
fn=get_common_indices.constprop.0
328 1
332 4
335 5
339 1
340 4
341 4
342 4
343 3
344 2
351 2
353 9
358 8
365 2
366 7
372 2
387 2
fn=init_cpu_features.constprop.0
306 3
307 2
308 6
313 2
314 6
319 2
320 6
612 7
615 1
616 1
617 1
620 1
629 3
632 6
633 1
636 2
638 6
643 1
645 3
647 9
649 1
651 7
704 3
711 3
729 1
730 1
762 5
787 1
789 3
796 4
799 2
800 1
808 2
815 2
817 2
821 2
827 2
931 3
932 2
935 2
936 2
942 1
943 1
944 1
945 1
950 4
954 3
967 2
968 4
1014 1
1015 2
1019 3
1036 2
1037 3
1039 3
1040 2
1042 3
1043 2
1046 2
1061 4
1063 4
1073 2
1118 8
fn=update_active.constprop.0
46 7
50 1
58 3
59 3
60 1
68 4
69 1
77 3
78 1
79 3
83 4
87 1
91 2
95 4
96 3
97 3
98 2
100 4
101 3
104 6
107 4
108 4
112 2
116 2
118 4
122 2
124 1
127 2
129 2
133 1
134 1
137 4
143 4
145 4
147 3
152 4
201 3
213 3
214 1
217 4
221 2
225 3
226 2
228 1
229 1
232 2
234 1
237 2
288 3
292 3
299 1
300 8
fl=/usr/src/debug/glibc-2.34-100.el9_4.3.x86_64/elf/../sysdeps/x86/dl-cacheinfo.h
fn=get_common_cache_info.constprop.0
571 10
586 2
587 2
588 2
589 1
590 1
596 1
598 6
601 2
613 1
618 3
622 2
627 6
630 14
636 8
637 8
640 26
645 2
649 3
650 1
654 6
658 3
661 4
662 1
667 10
673 4
681 9
683 2
685 4
687 11
689 1
690 1
691 8
693 4
696 2
701 1
703 4
704 3
705 1
708 2
711 2
715 2
718 1
720 4
721 1
726 2
731 2
732 1
733 2
734 3
735 2
770 4
771 5
775 2
782 1
783 1
784 2
785 7
fn=handle_intel.constprop.0
250 96
255 24
261 12
262 12
267 48
271 24
276 24
279 60
281 24
284 60
286 24
305 96
fn=init_cpu_features.constprop.0
792 1
793 1
795 1
809 2
811 3
812 3
813 4
814 1
817 3
819 3
820 1
822 3
824 3
825 2
827 3
829 3
830 1
832 3
834 3
836 3
838 7
894 1
895 2
896 2
897 2
898 2
899 2
900 2
901 1
902 1
903 1
904 1
905 1
907 1
910 3
924 5
925 6
930 2
931 5
939 2
957 6
970 2
971 2
978 10
996 3
1004 5
1006 2
1009 5
1011 2
1014 5
1015 5
1019 7
1021 2
1026 6
1029 9
1030 9
1031 12
1034 9
1036 9
1046 4
1052 1
1053 2
1054 1
1055 2
1056 1
1057 1
fn=intel_check_word.constprop.0
110 648
113 324
119 96
123 72
125 12
129 144
131 144
133 60
135 120
143 120
152 12
155 123
158 99
162 64
164 192
165 24
166 80
167 18
168 44
169 32
170 10
172 11
174 22
176 12
177 16
178 12
179 20
180 14
181 12
183 8
184 12
187 21
190 2
194 192
202 192
216 48
246 96
fl=/usr/src/debug/glibc-2.34-100.el9_4.3.x86_64/elf/../sysdeps/x86/dl-cet.c
fn=_dl_cet_check
252 1
253 1
fn=dl_cet_check
39 7
41 2
42 1
44 1
45 1
48 4
49 2
51 1
62 2
235 8
fl=/usr/src/debug/glibc-2.34-100.el9_4.3.x86_64/elf/../sysdeps/x86/dl-get-cpu-features.c
fn=__x86_cpu_features
39 3
71 3
fn=_dl_x86_init_cpu_features
37 2
39 3
41 1
49 2
69 2
fl=/usr/src/debug/glibc-2.34-100.el9_4.3.x86_64/elf/../sysdeps/x86/dl-hwcap.h
fn=_dl_important_hwcaps
57 7
fl=/usr/src/debug/glibc-2.34-100.el9_4.3.x86_64/elf/../sysdeps/x86/dl-procinfo.h
fn=search_cache
39 8
42 28
fl=/usr/src/debug/glibc-2.34-100.el9_4.3.x86_64/elf/../sysdeps/x86/dl-prop.h
fn=_dl_map_object_from_fd
95 40
100 5
101 5
102 5
104 45
107 15
108 10
109 10
113 15
117 15
120 15
121 10
125 5
126 15
130 18
131 7
134 14
137 7
138 28
143 28
149 14
158 14
159 12
162 4
169 6
177 15
179 20
184 5
185 20
190 25
192 20
193 5
194 10
203 25
204 10
fn=dl_main
36 2
37 24
40 17
49 47
53 31
71 4
95 8
100 1
101 1
102 1
104 13
107 3
108 2
109 2
113 3
117 3
120 3
121 2
125 1
126 3
130 4
131 1
134 2
137 1
138 4
143 4
149 2
158 2
159 1
162 2
184 1
185 4
190 5
192 4
193 1
194 2
203 5
204 2
fl=/usr/src/debug/glibc-2.34-100.el9_4.3.x86_64/elf/../sysdeps/x86/get-isa-level.h
fn=_dl_hwcaps_subdirs_active
30 2
31 3
32 3
36 3
39 4
40 4
45 4
48 2
51 5
53 4
54 2
55 2
58 2
61 2
fn=update_active.constprop.0
28 1
30 2
31 2
32 3
36 3
38 1
39 3
40 4
45 4
47 1
48 2
51 5
53 4
54 2
55 2
57 1
58 2
61 2
fl=/usr/src/debug/glibc-2.34-100.el9_4.3.x86_64/elf/../sysdeps/x86_64/dl-hwcaps-subdirs.c
fn=_dl_hwcaps_subdirs_active
29 1
38 3
43 1
48 1
52 1
fl=/usr/src/debug/glibc-2.34-100.el9_4.3.x86_64/elf/../sysdeps/x86_64/dl-irel.h
fn=_dl_fixup
32 1
fl=/usr/src/debug/glibc-2.34-100.el9_4.3.x86_64/elf/../sysdeps/x86_64/dl-machine.h
fn=_dl_fixup
237 15
fn=_dl_relocate_object
79 8
85 8
89 6
95 2
103 6
123 4
125 4
127 10
270 9040
291 9040
295 9040
302 195504
304 36455
307 18089
308 114
309 100
312 40
313 60
324 43
331 80
334 27120
370 6
371 9
378 6
380 4
389 4
432 54
436 72
441 54
450 36
460 11714
484 35
494 52
500 3
504 4
505 4
506 4
507 1
517 114
518 171
519 57
520 114
524 57
539 6309
540 2103
544 4206
545 4206
555 38
559 38
562 57
563 19
fn=_dl_start
61 3
79 1
295 24
304 80
307 16
334 54
424 1
450 7
453 7
544 282
545 423
fn=_dl_sysdep_start
223 1
fl=/usr/src/debug/glibc-2.34-100.el9_4.3.x86_64/elf/../sysdeps/x86_64/dl-runtime.h
fn=_dl_fixup
28 15
fl=/usr/src/debug/glibc-2.34-100.el9_4.3.x86_64/elf/../sysdeps/x86_64/dl-trampoline.h
fn=_dl_runtime_resolve_xsave
67 15
72 15
75 15
77 15
87 15
93 15
94 15
95 15
96 15
97 15
98 15
99 15
103 15
104 15
107 15
108 15
110 15
111 15
112 15
113 15
114 15
115 15
117 15
124 15
125 15
126 15
127 15
132 15
133 15
134 15
136 15
137 15
138 15
139 15
140 15
141 15
142 15
144 15
146 15
150 15
153 15
fl=/usr/src/debug/glibc-2.34-100.el9_4.3.x86_64/elf/./dl-hwcaps.h
fn=_dl_important_hwcaps
54 7
56 6
57 1
88 5
89 5
90 3
fn=copy_hwcaps
54 2
56 4
88 2
89 2
90 2
fl=/usr/src/debug/glibc-2.34-100.el9_4.3.x86_64/elf/./dl-load.h
fn=_dl_map_object_from_fd
90 40
91 15
93 40
94 16
95 24
96 16
98 16
fl=/usr/src/debug/glibc-2.34-100.el9_4.3.x86_64/elf/./dl-main.h
fn=dl_main
109 5
fl=/usr/src/debug/glibc-2.34-100.el9_4.3.x86_64/elf/./dl-map-segments.h
fn=_dl_map_object_from_fd
50 10
56 35
57 10
60 15
63 15
64 10
66 10
73 28
80 5
82 5
90 100
92 60
94 165
95 15
104 80
110 5
111 10
112 30
113 10
120 10
123 10
131 35
132 15
137 10
141 16
144 4
149 20
fl=/usr/src/debug/glibc-2.34-100.el9_4.3.x86_64/elf/./dl-sym-post.h
fn=lookup_malloc_symbol
41 8
53 12
60 4
fl=/usr/src/debug/glibc-2.34-100.el9_4.3.x86_64/elf/./dl-tunable-types.h
fn=do_tunable_update_val
90 10
fl=/usr/src/debug/glibc-2.34-100.el9_4.3.x86_64/elf/./get-dynamic-info.h
fn=_dl_start
45 83
49 40
54 25
55 17
56 5
58 1
59 5
61 1
62 5
64 5
68 21
72 4
82 4
83 4
84 4
85 4
87 4
92 4
93 4
94 5
97 3
102 2
109 3
110 3
118 2
119 2
124 5
127 3
fn=dl_main
39 4
43 1
45 107
49 52
54 17
55 11
56 5
58 1
59 5
61 1
62 5
64 5
68 26
72 4
97 4
102 2
109 3
110 3
132 4
147 4
169 3
fl=/usr/src/debug/glibc-2.34-100.el9_4.3.x86_64/elf/./setup-vdso.h
fn=dl_main
24 2
fl=/usr/src/debug/glibc-2.34-100.el9_4.3.x86_64/elf/dl-audit.c
fn=_dl_audit_activity_map
28 8
29 1
30 3
36 8
fn=_dl_audit_activity_nsid
40 3
44 12
46 9
50 3
fn=_dl_audit_objclose
96 7
97 28
fn=_dl_audit_objopen
76 5
77 20
fn=_dl_audit_preinit
117 1
118 4
fl=/usr/src/debug/glibc-2.34-100.el9_4.3.x86_64/elf/dl-cache.c
fn=_dl_cache_libcmp
360 86
361 705
363 693
365 470
371 12
372 12
373 16
375 16
377 8
383 454
385 454
386 117
389 188
390 188
393 12
fn=_dl_load_cache_lookup
406 24
408 8
411 12
414 6
422 6
423 8
426 7
427 1
434 1
435 2
480 9
485 12
488 24
503 8
507 8
515 72
516 16
517 4
518 12
fn=_dl_unload_cache
527 2
528 4
530 2
531 1
535 1
537 2
fn=search_cache
191 78
203 52
205 4
208 28
210 52
211 12
213 12
220 78
222 122
223 82
227 78
231 117
232 78
240 16
242 8
245 8
247 24
249 4
259 8
269 8
270 12
277 8
286 8
295 8
298 8
300 12
301 8
304 24
305 16
312 8
333 8
335 4
349 35
350 23
352 12
356 40
fl=/usr/src/debug/glibc-2.34-100.el9_4.3.x86_64/elf/dl-call-libc-early-init.c
fn=_dl_call_libc_early_init
27 4
29 2
33 7
37 2
39 4
40 2
41 3
fl=/usr/src/debug/glibc-2.34-100.el9_4.3.x86_64/elf/dl-debug.c
fn=_dl_debug_initialize
46 7
49 14
50 7
54 26
57 1
58 9
59 5
60 2
64 1
fn=_dl_debug_state
73 2
74 2
fl=/usr/src/debug/glibc-2.34-100.el9_4.3.x86_64/elf/dl-deps.c
fn=_dl_map_object_deps
144 6
145 3
146 7
148 3
152 9
159 14
160 20
176 7
177 1
180 2
198 2
199 3
200 2
204 19
206 7
209 14
213 28
214 46
217 15
221 15
224 22
226 25
231 10
232 5
233 10
234 10
237 590
238 285
244 108
246 12
248 48
249 24
258 12
260 24
265 35
268 5
269 5
270 5
271 10
273 5
275 25
279 36
280 24
282 384
298 1
380 12
433 21
435 15
438 10
439 10
445 5
446 25
447 25
450 5
451 5
455 28
457 7
458 32
464 6
465 1
468 5
479 3
481 2
486 5
487 1
488 2
490 23
494 21
499 14
501 21
506 7
509 3
561 4
598 3
599 2
602 2
613 5
618 8
619 4
623 1
625 2
626 1
627 2
634 3
637 2
640 8
fn=openaux
61 36
64 132
65 12
68 12
69 24
fl=/usr/src/debug/glibc-2.34-100.el9_4.3.x86_64/elf/dl-environ.c
fn=_dl_next_ld_env_entry
28 2
29 2
32 145
34 94
35 14
37 1
40 2
42 1
45 46
49 1
fl=/usr/src/debug/glibc-2.34-100.el9_4.3.x86_64/elf/dl-error-skeleton.c
fn=_dl_catch_error
225 10
227 2
228 2
229 2
230 2
232 5
fn=_dl_catch_exception
175 78
178 26
180 26
199 26
200 26
203 26
206 91
208 39
209 26
210 52
219 52
fn=_dl_receive_error
238 6
239 1
240 1
243 1
244 1
246 1
248 1
249 1
250 4
fl=/usr/src/debug/glibc-2.34-100.el9_4.3.x86_64/elf/dl-fini.c
fn=_dl_fini
31 9
48 7
51 7
54 2
56 1
59 2
61 6
66 1
68 3
73 17
78 25
80 14
82 14
84 14
85 7
86 7
90 7
92 6
93 6
99 5
108 2
113 27
115 7
117 21
120 14
123 21
124 6
127 10
138 20
139 5
140 10
141 50
142 10
146 15
147 15
153 14
158 7
162 5
168 6
174 2
181 8
fl=/usr/src/debug/glibc-2.34-100.el9_4.3.x86_64/elf/dl-hwcaps.c
fn=_dl_important_hwcaps
52 16
54 2
55 8
100 6
102 2
105 3
108 1
112 4
125 12
127 12
128 4
129 4
130 2
133 2
142 15
143 3
151 2
155 7
156 2
157 4
161 1
162 2
163 3
172 14
173 7
175 2
176 4
184 2
185 3
195 3
196 6
200 19
201 6
202 4
205 1
208 22
209 2
210 7
211 4
213 1
214 2
215 6
216 2
218 3
220 2
221 2
222 3
225 5
226 1
229 2
233 2
234 3
237 4
238 2
240 4
241 4
242 4
243 2
250 4
254 11
261 3
262 2
269 1
270 4
271 6
272 5
275 2
276 1
283 2
294 2
307 3
310 2
317 2
320 2
323 15
326 12
327 19
328 5
331 12
333 5
338 32
339 8
343 18
346 60
347 72
348 48
350 9
353 3
354 3
355 14
357 6
358 2
360 1
361 7
368 22
369 4
371 8
374 5
380 9
fn=copy_hwcaps
74 10
77 16
79 6
80 16
84 2
85 2
86 6
87 4
88 4
90 10
fl=/usr/src/debug/glibc-2.34-100.el9_4.3.x86_64/elf/dl-hwcaps_split.c
fn=_dl_hwcaps_contains
66 6
67 12
68 6
77 6
fn=_dl_hwcaps_split
25 60
26 45
27 6
30 36
34 72
35 12
36 24
41 27
42 18
43 9
45 12
46 9
47 60
fn=_dl_hwcaps_split_masked
51 44
54 56
56 9
57 27
58 54
62 22
fl=/usr/src/debug/glibc-2.34-100.el9_4.3.x86_64/elf/dl-init.c
fn=_dl_init
77 12
78 1
79 1
82 3
84 1
85 2
90 2
115 1
116 26
117 42
123 8
fn=call_init
27 72
31 32
33 24
39 14
42 21
43 2
47 12
55 18
56 24
59 6
60 12
66 15
68 10
69 105
70 80
72 48
fl=/usr/src/debug/glibc-2.34-100.el9_4.3.x86_64/elf/dl-load.c
fn=_dl_dst_count
237 78
240 26
243 26
244 13
263 91
fn=_dl_init_paths
705 13
719 4
724 1
726 2
733 5
734 2
738 4
740 4
746 1
747 1
755 3
757 3
758 2
760 4
761 2
766 3
767 9
769 4
775 1
776 1
781 1
784 3
786 4
788 3
805 1
807 3
821 2
824 2
855 1
856 8
fn=_dl_map_object
1999 130
2001 5
2007 26
2008 52
2011 280
2016 406
2018 290
2022 100
2023 150
2026 140
2027 84
2028 140
2042 35
2043 15
2051 15
2066 5
2068 25
2072 16
2074 8
2081 16
2085 8
2086 4
2090 12
2091 32
2093 20
2105 12
2106 32
2107 40
2116 12
2123 12
2124 32
2132 4
2146 8
2148 12
2152 12
2154 8
2158 8
2166 12
2189 32
2193 12
2194 8
2211 8
2217 1
2218 4
2219 2
2220 3
2224 7
2227 2
2239 20
2241 16
2285 10
2286 75
2288 122
fn=_dl_map_object_from_fd
943 70
953 20
960 20
998 95
999 40
1017 10
1041 20
1051 10
1058 40
1059 10
1070 10
1071 20
1072 10
1074 15
1075 20
1076 8
1079 17
1080 6
1091 5
1093 5
1095 105
1096 5
1097 5
1098 5
1104 217
1105 504
1111 10
1118 12
1119 15
1120 50
1125 2
1126 1
1131 70
1136 140
1144 40
1145 65
1146 140
1147 20
1148 40
1149 60
1153 40
1154 75
1158 40
1159 170
1169 20
1172 6
1176 2
1177 4
1181 10
1182 4
1185 2
1190 8
1191 10
1197 20
1205 10
1206 5
1209 10
1210 10
1214 15
1227 10
1237 20
1244 45
1260 20
1261 15
1267 10
1268 10
1270 25
1280 15
1299 10
1301 25
1353 15
1354 4
1360 153
1361 275
1367 79
1372 20
1385 10
1387 20
1389 10
1405 10
1409 10
1410 10
1427 10
1428 2
1431 10
1436 10
1446 10
1453 35
1454 15
1455 36
1456 12
1457 6
1463 10
1464 8
1469 4
1476 15
1479 20
1498 10
1502 35
1503 20
1507 45
fn=_dl_process_pt_gnu_property
867 12
868 12
869 6
875 12
881 30
884 18
885 12
886 12
929 6
fn=cache_rpath
680 24
681 36
682 12
698 24
fn=expand_dynamic_string_token
384 7
394 2
397 2
398 2
409 5
fn=open_verify.constprop.0
1560 60
1599 15
1618 25
1620 10
1625 5
1631 5
1632 5
1637 50
1639 10
1641 10
1643 10
1649 10
1666 79
1725 10
1730 10
1732 20
1738 10
1744 25
1745 20
1746 8
1749 16
1750 9
1766 313
1767 130
1768 40
1772 40
1773 40
1778 4
1779 32
1789 24
1797 102
1799 10
1800 90
1803 30
1808 2
1809 4
1812 4
1815 6
1816 10
1817 4
1818 6
1819 6
1833 45
fl=/usr/src/debug/glibc-2.34-100.el9_4.3.x86_64/elf/dl-lookup-direct.c
fn=_dl_lookup_direct
74 36
75 3
76 6
78 21
79 6
81 12
84 25
86 9
87 21
90 9
93 6
115 3
116 27
fn=check_match
31 27
32 12
33 9
35 6
36 6
40 9
48 9
51 6
53 15
57 6
58 18
59 9
64 21
fl=/usr/src/debug/glibc-2.34-100.el9_4.3.x86_64/elf/dl-lookup.c
fn=_dl_lookup_symbol_x
592 6468
593 564936
594 552000
595 3234
852 45276
854 6468
855 6468
858 3234
862 12884
864 19404
865 6468
867 6468
871 6578
872 54978
877 9702
879 132
896 3234
897 66
900 6468
901 22468
908 3212
941 12848
955 9636
956 2
958 9636
965 29106
1020 6424
fn=check_match
69 41912
72 22568
77 3211
85 16120
88 8034
92 3222
93 6444
95 6436
114 6436
115 25744
116 16030
117 24
118 24
143 8
145 24
146 16
149 2
150 7
152 3
154 13
161 19344
fn=do_lookup_x
169 301
170 786
171 940
173 98
174 294
175 528
178 152
179 152
180 152
181 152
221 488
223 976
225 366
226 122
227 366
229 2321
230 726
233 759
234 413
236 200
242 80
246 120
247 80
249 80
250 40
253 426
256 132
257 396
258 132
261 1134
268 8
271 4
278 286
279 276
280 280
284 16
285 2
287 2
288 6
304 3
312 2
314 2
317 1
318 1
319 2
322 328
323 328
330 328
341 492
346 164
348 246
349 164
362 42042
363 3234
369 6468
373 21566
376 21566
380 43138
401 21564
405 21564
411 32346
415 10782
416 10782
419 53910
420 32346
423 10782
424 21564
426 10782
427 22638
428 21564
431 53910
434 75474
437 6664
438 13328
439 6664
441 29736
444 40060
446 9672
447 45136
448 6448
451 9672
454 14429
468 19266
485 187
487 2
493 6424
544 6424
547 17784
551 5751
563 6180
564 3090
565 6424
582 22713
585 22
586 25872
fl=/usr/src/debug/glibc-2.34-100.el9_4.3.x86_64/elf/dl-minimal.c
fn=__rtld_malloc_init_real
89 8
99 2
100 2
102 1
104 6
105 5
106 5
107 4
112 1
113 1
114 1
115 1
116 7
fn=__rtld_malloc_init_stubs
55 1
56 2
57 2
58 2
59 2
60 1
fn=lookup_malloc_symbol
74 28
76 4
77 28
81 28
82 28
84 4
85 20
fn=rtld_calloc
171 85
175 17
178 17
179 51
fn=rtld_free
188 7
190 28
fn=rtld_malloc
128 190
129 114
134 3
135 2
136 2
140 152
143 254
148 12
149 12
151 3
152 24
154 6
156 6
158 8
161 39
162 42
164 152
fl=/usr/src/debug/glibc-2.34-100.el9_4.3.x86_64/elf/dl-misc.c
fn=_dl_higher_prime_number
87 2
124 2
125 2
127 26
129 80
130 37
131 6
145 2
146 2
fn=_dl_name_match_p
68 690
69 460
70 18
72 115
74 456
75 655
80 113
82 97
83 460
fn=_dl_sysdep_read_whole_file
36 9
39 3
40 2
42 6
44 2
47 2
49 8
60 3
63 7
fl=/usr/src/debug/glibc-2.34-100.el9_4.3.x86_64/elf/dl-object.c
fn=_dl_add_to_namespace_list
31 36
33 18
35 47
38 80
40 5
42 5
45 2
46 18
47 12
48 12
50 12
51 18
fn=_dl_new_object
59 84
62 12
64 2
66 3
67 2
71 2
77 5
80 10
83 20
87 10
92 11
95 12
98 6
99 6
100 12
103 12
104 42
106 6
119 22
125 1
127 42
130 12
131 17
132 6
136 6
139 91
141 16
149 12
150 6
153 1
155 36
157 20
160 14
164 20
168 30
176 2
179 12
189 18
191 25
195 15
200 20
208 5
212 5
245 20
250 168
251 168
253 10
256 5
259 5
263 54
fl=/usr/src/debug/glibc-2.34-100.el9_4.3.x86_64/elf/dl-reloc.c
fn=_dl_protect_relro
342 21
343 42
346 14
350 14
351 35
357 14
fn=_dl_relocate_object
194 88
195 16
207 14
208 21
211 21
213 21
215 7
216 21
238 35
239 14
240 10
242 14
249 28
288 406
291 42
308 3230
315 7
318 14
335 14
336 14
337 64
fl=/usr/src/debug/glibc-2.34-100.el9_4.3.x86_64/elf/dl-runtime.c
fn=_dl_fixup
46 120
48 75
49 45
54 15
55 60
56 105
58 30
63 30
67 30
69 56
71 45
75 42
76 56
84 15
85 45
95 165
99 75
109 150
124 60
125 2
133 45
159 45
162 30
163 90
fl=/usr/src/debug/glibc-2.34-100.el9_4.3.x86_64/elf/dl-setup_hash.c
fn=_dl_setup_hash
25 14
28 21
31 21
32 14
33 7
34 7
36 21
37 7
38 21
40 7
41 14
43 7
45 21
50 7
fl=/usr/src/debug/glibc-2.34-100.el9_4.3.x86_64/elf/dl-sort-maps.c
fn=_dl_sort_maps
145 70
186 2
187 6
188 52
189 28
216 36
221 8
223 2
224 18
226 36
228 14
231 28
249 6
268 10
281 10
288 2
303 26
311 6
315 18
fn=_dl_sort_maps_init
294 2
295 4
296 1
297 3
298 2
fn=dfs_traversal.part.0
140 112
148 14
150 42
152 176
155 66
161 49
176 42
177 14
178 84
fl=/usr/src/debug/glibc-2.34-100.el9_4.3.x86_64/elf/dl-tunables.c
fn=__GI___tunable_set_val
158 5
159 30
161 5
fn=__GI___tunables_init
72 710
75 188
78 4280
82 94
87 188
274 9
283 9
306 6768
312 10152
324 188
358 8
fn=__tunable_get_val
406 35
409 379
418 45
428 25
429 25
435 175
437 35
fn=do_tunable_update_val
100 5
103 15
112 5
113 35
114 25
120 10
124 10
131 10
132 10
135 5
136 5
137 5
138 10
fl=/usr/src/debug/glibc-2.34-100.el9_4.3.x86_64/elf/dl-tunables.h
fn=__GI___tunables_init
140 950
141 2106
fn=do_tunable_update_val
121 10
131 15
fl=/usr/src/debug/glibc-2.34-100.el9_4.3.x86_64/elf/dl-version.c
fn=_dl_check_all_versions
362 6
364 2
366 26
367 7
368 63
371 7
fn=_dl_check_map_versions
37 164
38 47
39 285
57 132
65 99
71 99
87 33
88 66
90 33
95 1101
109 870
111 33
114 274
121 1206
125 402
143 20
156 70
157 7
165 7
171 21
173 35
175 14
176 14
178 14
181 15
185 15
199 5
201 30
209 30
214 40
218 294
220 33
222 89
225 132
228 99
233 23
237 40
242 10
251 15
254 20
257 468
260 351
264 112
268 12
273 6
274 12
275 12
285 6
288 30
290 18
293 20
295 5
297 30
300 99
302 132
304 165
305 66
306 99
307 99
310 99
315 23
318 30
323 5
328 18
331 20
335 112
337 234
341 112
342 560
343 336
344 112
347 351
351 112
357 63
fl=/usr/src/debug/glibc-2.34-100.el9_4.3.x86_64/elf/do-rel.h
fn=_dl_relocate_object
48 14
49 28
50 7
52 8
53 11
60 28
63 63
65 76
76 6
77 4
86 72
88 24
100 36
110 22
113 6334
114 4206
120 36
124 44
126 13735
128 22855
129 18284
130 13713
131 18284
133 13713
135 285
138 57
142 4514
145 13565
146 3390
158 24
159 228
160 219
163 171
165 171
166 114
167 171
175 23
177 42
178 12
180 18
188 6
191 18
205 3
fn=_dl_start
48 1
49 4
86 5
88 3
113 426
114 282
118 2
126 26
128 24
129 16
130 16
fl=/usr/src/debug/glibc-2.34-100.el9_4.3.x86_64/elf/get-dynamic-info.h
fn=_dl_map_object_from_fd
39 10
43 5
45 551
49 268
54 145
55 100
56 25
58 5
59 25
61 5
62 25
64 20
68 134
72 20
82 17
83 20
84 20
85 20
87 20
92 20
93 19
94 20
97 15
102 10
109 10
110 15
132 15
137 4
139 4
141 4
143 4
144 4
147 15
149 15
150 10
159 10
160 15
165 10
166 12
169 10
fl=/usr/src/debug/glibc-2.34-100.el9_4.3.x86_64/elf/rtld.c
fn=_dl_start
81 8
483 3
484 1
485 2
486 2
487 2
496 1
502 4
504 2
522 10
548 1
551 1
552 1
563 2
568 23
570 1
583 1
598 9
fn=audit_list_add_dynamic_tag
220 2
228 6
229 8
230 4
fn=dl_main
81 16
88 12
89 2
97 7
201 1
202 1
203 1
300 1
301 1
302 1
303 1
304 1
305 1
306 1
307 2
855 1
857 1
863 1
866 1
868 1
873 1
1187 14
1192 1
1194 1
1195 1
1201 1
1217 4
1218 4
1485 10
1487 2
1488 3
1489 2
1490 3
1494 3
1495 2
1516 2
1517 1
1519 1
1521 1
1524 47
1525 117
1529 3
1534 3
1535 9
1544 2
1545 2
1547 1
1554 3
1566 1
1572 1
1580 8
1581 15
1582 8
1583 1
1586 8
1587 8
1588 4
1589 10
1590 1
1617 2
1621 2
1622 2
1627 26
1628 61
1634 17
1640 3
1643 6
1645 3
1647 2
1660 3
1661 6
1662 3
1663 3
1666 1
1668 1
1669 1
1671 2
1672 2
1676 2
1678 2
1686 4
1693 2
1696 2
1721 9
1729 4
1731 1
1736 2
1739 4
1740 4
1741 3
1742 1
1743 1
1744 1
1749 2
1750 3
1767 2
1768 2
1770 2
1772 1
1773 3
1778 5
1779 5
1781 2
1782 2
1787 2
1791 8
1792 4
1796 2
1800 2
1801 2
1825 2
1833 4
1836 2
1840 3
1845 2
1846 1
1847 1
1851 3
1856 3
1858 1
1860 2
1864 5
1869 2
1885 6
1961 4
1965 19
1966 1
1969 3
1970 1
1971 2
1972 2
1977 3
1987 9
1993 31
1994 18
1997 4
1998 3
1999 1
2001 23
2002 23
2012 2
2014 3
2015 2
2017 2
2019 3
2021 3
2022 1
2023 2
2035 2
2036 2
2037 3
2048 4
2049 4
2050 5
2060 2
2061 2
2062 4
2064 2
2069 3
2299 4
2348 1
2355 3
2359 3
2365 2
2368 2
2376 2
2378 2
2430 3
2433 3
2435 3
2436 6
2442 2
2443 29
2445 14
2450 14
2452 16
2454 1
2455 1
2458 7
2460 21
2461 48
2465 18
2466 6
2474 2
2479 4
2481 1
2488 3
2491 2
2501 3
2503 4
2515 3
2518 1
2524 1
2525 5
2533 3
2540 1
2544 3
2549 4
2550 1
2551 1
2552 1
2556 1
2561 8
2694 2
2696 1
2700 6
2702 11
2704 1
2706 41
2707 7
2715 7
2736 2
2743 6
2745 2
2746 1
2846 1
2862 3
2894 2
fn=do_preload
822 6
824 1
828 1
829 1
830 1
832 1
834 6
835 3
843 3
849 5
fn=handle_preload_list
187 3
887 10
888 2
892 7
895 4
896 3
898 6
899 3
905 1
907 2
909 2
910 5
913 9
fn=init_tls
747 3
749 2
753 3
759 2
762 1
763 1
764 1
768 1
770 1
774 2
775 2
776 17
777 7
778 14
782 6
784 2
786 3
789 2
792 1
799 2
800 2
804 1
808 2
811 8
814 1
815 1
818 5
fn=map_doit
654 3
656 4
657 6
659 2
fn=version_check_doit
687 3
689 6
693 2
fl=/usr/src/debug/glibc-2.34-100.el9_4.3.x86_64/io/../sysdeps/unix/sysv/linux/access.c
fn=access
25 1
27 7
31 1
fl=/usr/src/debug/glibc-2.34-100.el9_4.3.x86_64/io/../sysdeps/unix/sysv/linux/close_nocancel.c
fn=__GI___close_nocancel
25 6
26 24
27 6
fl=/usr/src/debug/glibc-2.34-100.el9_4.3.x86_64/io/../sysdeps/unix/sysv/linux/fstat64.c
fn=fstat
30 6
36 24
69 6
fl=/usr/src/debug/glibc-2.34-100.el9_4.3.x86_64/io/../sysdeps/unix/sysv/linux/open64_nocancel.c
fn=__open_nocancel
34 24
37 42
45 42
47 6
fl=/usr/src/debug/glibc-2.34-100.el9_4.3.x86_64/io/../sysdeps/unix/sysv/linux/pread64_nocancel.c
fn=__pread64_nocancel
25 8
26 16
27 4
fl=/usr/src/debug/glibc-2.34-100.el9_4.3.x86_64/io/../sysdeps/unix/sysv/linux/read_nocancel.c
fn=__read_nocancel
25 5
26 20
27 5
fl=/usr/src/debug/glibc-2.34-100.el9_4.3.x86_64/malloc/scratch_buffer_set_array_size.c
fn=__libc_scratch_buffer_set_array_size
30 50
34 5
35 10
45 10
46 5
63 20
fl=/usr/src/debug/glibc-2.34-100.el9_4.3.x86_64/misc/../sysdeps/unix/syscall-template.S
fn=mprotect
117 45
122 9
fn=munmap
117 5
122 1
fl=/usr/src/debug/glibc-2.34-100.el9_4.3.x86_64/misc/../sysdeps/unix/sysv/linux/mmap64.c
fn=mmap
48 52
51 52
59 104
61 26
fl=/usr/src/debug/glibc-2.34-100.el9_4.3.x86_64/posix/../sysdeps/unix/syscall-template.S
fn=uname
120 5
122 1
fl=/usr/src/debug/glibc-2.34-100.el9_4.3.x86_64/setjmp/../sysdeps/x86_64/setjmp.S
fn=__sigsetjmp
30 13
32 13
41 13
42 26
43 13
47 13
48 13
49 13
50 13
51 13
53 26
55 13
56 13
57 13
59 26
61 13
69 13
72 13
73 13
80 13
81 13
fl=/usr/src/debug/glibc-2.34-100.el9_4.3.x86_64/string/../include/rtld-malloc.h
fn=strdup
56 10
fl=/usr/src/debug/glibc-2.34-100.el9_4.3.x86_64/string/../string/strcspn.c
fn=strcspn
32 4
33 3
34 2
39 6
40 4
41 4
42 4
44 1
47 9
48 6
51 4
52 4
53 4
54 4
56 3
61 13
62 26
63 26
64 26
65 13
67 78
69 1
70 4
71 3
fl=/usr/src/debug/glibc-2.34-100.el9_4.3.x86_64/string/../sysdeps/x86_64/memcmp.S
fn=bcmp
23 1
28 1
29 1
30 1
31 1
32 1
33 1
34 1
35 1
38 1
39 1
40 1
41 1
42 1
43 1
44 1
45 1
46 1
48 1
49 1
58 1
59 1
68 1
69 1
70 1
71 1
72 1
73 1
74 1
75 1
76 1
102 1
103 1
104 1
105 1
106 1
107 1
108 1
109 1
110 1
111 1
112 1
113 1
114 1
fl=/usr/src/debug/glibc-2.34-100.el9_4.3.x86_64/string/../sysdeps/x86_64/multiarch/../strchr.S
fn=index
23 27
24 27
25 27
26 27
27 27
28 27
29 27
30 27
31 27
32 27
33 27
34 27
35 27
36 27
37 27
38 27
39 27
40 27
41 23
45 23
46 23
47 23
48 23
50 23
54 4
55 4
56 4
57 4
58 4
59 4
60 4
61 4
62 4
63 4
64 4
65 4
66 4
67 4
68 4
69 4
70 4
71 4
72 4
73 4
74 4
75 4
76 4
77 4
129 4
133 4
134 4
135 4
136 4
138 4
fl=/usr/src/debug/glibc-2.34-100.el9_4.3.x86_64/string/../sysdeps/x86_64/multiarch/memmove-vec-unaligned-erms.S
fn=memcpy
218 30
219 30
225 44
226 44
228 29
229 29
230 29
232 19
233 19
234 19
236 19
316 15
317 15
319 7
323 7
324 4
325 4
326 3
327 3
328 2
329 2
331 3
333 4
339 3
340 3
341 3
342 3
343 3
372 8
373 8
374 8
375 8
376 8
383 9
384 9
385 9
386 9
387 9
388 9
389 9
400 10
401 10
403 9
404 9
405 9
425 1
426 1
430 1
432 1
448 1
451 1
453 1
455 1
459 1
460 1
469 1
470 1
472 1
474 1
475 1
476 1
479 1
481 1
483 1
485 1
491 3
492 3
493 3
494 3
495 3
496 3
497 3
498 3
499 3
500 3
501 3
502 3
504 1
505 1
506 1
507 1
509 1
513 1
fn=mempcpy
205 14
206 14
207 14
208 14
fl=/usr/src/debug/glibc-2.34-100.el9_4.3.x86_64/string/../sysdeps/x86_64/multiarch/memset-vec-unaligned-erms.S
fn=memset
140 9
141 45
146 9
147 9
150 7
151 7
153 1
154 1
155 1
189 2
190 2
192 2
252 6
253 6
265 6
268 6
269 6
281 4
282 4
295 4
296 4
298 4
301 3
304 6
307 94
308 94
309 94
310 94
311 94
312 94
313 94
316 4
317 4
318 4
319 4
324 4
358 2
360 2
361 2
400 2
401 2
403 2
fl=/usr/src/debug/glibc-2.34-100.el9_4.3.x86_64/string/../sysdeps/x86_64/multiarch/strlen-vec.S
fn=strlen
45 28
89 28
90 28
91 28
92 28
93 28
94 28
95 28
97 28
99 28
130 28
131 28
132 28
133 28
134 28
135 13
137 13
141 15
142 15
143 15
144 15
145 15
146 15
147 15
148 15
149 15
150 15
151 15
152 15
157 120
fl=/usr/src/debug/glibc-2.34-100.el9_4.3.x86_64/string/../sysdeps/x86_64/strcmp.S
fn=strcmp
109 3833
142 3833
143 3833
145 3833
146 3833
167 3833
168 3833
169 2875
170 2875
171 2649
172 2649
173 2649
174 2649
191 2649
192 2649
193 2649
194 2649
195 2649
196 2649
197 2649
202 68
203 204
212 1252
213 1252
214 1252
215 1252
216 1252
217 1252
218 1252
219 1252
220 370
221 115
222 115
223 115
225 370
226 370
227 370
228 370
229 370
230 370
240 882
241 882
242 882
244 882
250 882
251 882
252 882
253 882
254 882
259 882
261 860
262 860
263 1720
271 879
272 879
275 879
276 879
277 879
278 879
279 879
280 879
286 29
287 29
288 29
291 29
292 29
293 29
294 29
295 29
296 29
301 19
302 19
441 2
442 2
443 2
444 2
445 2
447 2
448 2
449 2
450 2
451 2
452 2
453 2
454 2
457 2
458 2
459 2
465 2
466 2
467 4
471 2
472 2
475 2
476 2
477 2
480 2
481 2
482 2
488 2
489 2
490 2
491 2
492 2
493 2
565 7
566 7
567 7
568 7
569 7
571 7
572 7
573 7
574 7
575 7
576 7
577 7
578 6
582 6
583 6
584 6
590 6
591 6
592 12
596 7
597 7
600 7
601 7
602 7
605 7
606 7
607 7
613 7
614 7
615 7
616 7
617 7
618 7
625 1
626 1
628 1
629 1
631 1
632 1
633 1
636 1
637 1
638 1
644 1
645 1
646 1
647 1
648 1
649 1
656 1
657 1
658 1
690 4
691 4
692 4
693 4
694 4
696 4
697 4
698 4
699 4
700 4
701 4
702 4
703 4
707 4
708 4
709 4
715 4
716 4
717 8
721 4
722 4
725 4
726 4
727 4
730 4
731 4
732 4
738 4
739 4
740 4
741 4
742 4
743 4
815 12
816 12
817 12
818 12
819 12
821 12
822 12
823 12
824 12
825 12
826 12
827 12
828 10
832 10
833 10
834 10
840 10
841 10
842 20
846 10
847 10
850 10
851 10
852 10
855 10
856 10
857 10
863 10
864 10
865 10
866 10
867 10
868 10
875 1
876 1
878 1
879 1
881 1
882 1
883 1
886 1
887 1
888 1
894 1
895 1
896 1
897 1
898 1
899 1
940 4
941 4
942 4
943 4
944 4
946 4
947 4
948 4
949 4
950 4
951 4
952 4
953 3
957 3
958 3
959 3
965 3
966 3
967 6
971 3
972 3
975 3
976 3
977 3
980 3
981 3
982 3
988 3
989 3
990 3
991 3
992 3
993 3
1000 1
1001 1
1003 1
1004 1
1006 1
1007 1
1008 1
1011 1
1012 1
1013 1
1019 1
1020 1
1021 1
1022 1
1023 1
1024 1
1065 5
1066 5
1067 5
1068 5
1069 5
1071 5
1072 5
1073 5
1074 5
1075 5
1076 5
1077 5
1078 4
1082 4
1083 4
1084 4
1090 4
1091 4
1092 8
1096 4
1097 4
1100 4
1101 4
1102 4
1105 4
1106 4
1107 4
1113 4
1114 4
1115 4
1116 4
1117 4
1118 4
1125 1
1126 1
1128 1
1129 1
1131 1
1132 1
1133 1
1136 1
1137 1
1138 1
1144 1
1145 1
1146 1
1147 1
1148 1
1149 1
1190 28
1191 28
1192 28
1193 28
1194 28
1196 28
1197 28
1198 28
1199 28
1200 28
1201 28
1202 28
1203 22
1207 22
1208 22
1209 22
1215 22
1216 22
1217 44
1221 22
1222 22
1225 22
1226 22
1227 22
1230 22
1231 22
1232 22
1238 22
1239 22
1240 22
1241 22
1242 22
1243 22
1315 16
1316 16
1317 16
1318 16
1319 16
1321 16
1322 16
1323 16
1324 16
1325 16
1326 16
1327 16
1328 13
1332 13
1333 13
1334 13
1340 13
1341 13
1342 26
1346 13
1347 13
1350 13
1351 13
1352 13
1355 13
1356 13
1357 13
1363 13
1364 13
1365 13
1366 13
1367 13
1368 13
1440 33
1441 33
1442 33
1443 33
1444 33
1446 33
1447 33
1448 33
1449 33
1450 33
1451 33
1452 33
1453 15
1457 15
1458 15
1459 15
1465 15
1466 15
1467 30
1471 15
1472 15
1475 15
1476 15
1477 15
1480 15
1481 15
1482 15
1488 15
1489 15
1490 15
1491 15
1492 15
1493 15
1500 1
1501 1
1503 1
1504 1
1506 1
1507 1
1508 1
1511 1
1512 1
1513 1
1519 1
1520 1
1521 1
1522 1
1523 1
1524 1
1565 22
1566 22
1567 22
1568 22
1569 22
1571 22
1572 22
1573 22
1574 22
1575 22
1576 22
1577 22
1578 8
1582 8
1583 8
1584 8
1590 8
1591 8
1592 16
1596 8
1597 8
1600 8
1601 8
1602 8
1605 8
1606 8
1607 8
1613 8
1614 8
1615 8
1616 8
1617 8
1618 8
1625 4
1626 4
1628 4
1629 4
1631 4
1632 4
1633 4
1636 4
1637 4
1638 4
1644 4
1645 4
1646 4
1647 4
1648 4
1649 4
1690 23
1691 23
1692 23
1693 23
1694 23
1696 23
1697 23
1698 23
1699 23
1700 23
1701 23
1702 23
1703 19
1707 19
1708 19
1709 19
1715 19
1716 19
1717 38
1721 19
1722 19
1725 19
1726 19
1727 19
1730 19
1731 19
1732 19
1738 19
1739 19
1740 19
1741 19
1742 19
1743 19
1750 4
1751 4
1753 4
1754 4
1756 4
1757 4
1758 4
1761 4
1762 4
1763 4
1769 4
1770 4
1771 4
1772 4
1773 4
1774 4
1815 26
1816 26
1817 26
1818 26
1819 26
1821 26
1822 26
1823 26
1824 26
1825 26
1826 26
1827 26
1828 12
1832 12
1833 12
1834 12
1840 12
1841 12
1842 24
1846 12
1847 12
1850 12
1851 12
1852 12
1855 12
1856 12
1857 12
1863 12
1864 12
1865 12
1866 12
1867 12
1868 12
1875 1
1876 1
1878 1
1879 1
1881 1
1882 1
1883 1
1886 1
1887 1
1888 1
1894 1
1895 1
1896 1
1897 1
1898 1
1899 1
1940 157
1941 157
1942 157
1943 157
1944 157
1946 157
1947 157
1948 157
1949 157
1950 157
1951 157
1952 157
1953 143
1957 143
1958 143
1959 143
1965 143
1966 143
1967 286
1971 143
1972 143
1975 143
1976 143
1977 143
1980 143
1981 143
1982 143
1988 143
1989 143
1990 143
1991 143
1992 143
1993 143
2000 2
2001 2
2003 2
2004 2
2006 2
2007 2
2008 2
2011 2
2012 2
2013 2
2019 2
2020 2
2021 2
2022 2
2023 2
2024 2
2065 31
2066 31
2067 31
2068 31
2069 31
2071 31
2072 31
2073 31
2074 31
2075 31
2076 31
2077 31
2079 20
2083 20
2084 20
2085 20
2091 20
2092 20
2094 40
2098 20
2099 20
2102 20
2103 20
2104 20
2107 20
2108 20
2109 20
2115 20
2116 20
2117 20
2118 20
2119 20
2120 20
2194 1141
2196 1252
2197 1252
2198 1252
2199 1252
2200 230
2205 3833
2211 3833
2212 3833
2220 3833
2221 3833
fl=/usr/src/debug/glibc-2.34-100.el9_4.3.x86_64/string/strdup.c
fn=strdup
40 25
41 10
44 10
47 20
48 15
fl=???
fn=(below main)
0 40
fn=???
0 33557952
fn=_Exit
0 6
fn=_IO_cleanup
0 139
fn=_IO_default_setbuf
0 53
fn=_IO_default_xsputn
0 397
fn=_IO_do_write@@GLIBC_2.2.5
0 17
fn=_IO_doallocbuf
0 26
fn=_IO_file_doallocate
0 63
fn=_IO_file_overflow@@GLIBC_2.2.5
0 670
fn=_IO_file_setbuf@@GLIBC_2.2.5
0 16
fn=_IO_file_stat
0 3
fn=_IO_file_sync@@GLIBC_2.2.5
0 144
fn=_IO_file_write@@GLIBC_2.2.5
0 37
fn=_IO_file_xsputn@@GLIBC_2.2.5
0 151
fn=_IO_flush_all_lockp
0 108
fn=_IO_no_init
0 23
fn=_IO_old_init
0 28
fn=_IO_setb
0 58
fn=_IO_str_init_static_internal
0 38
fn=____strtol_l_internal
0 162
fn=__acos_finite
0 8
fn=__asin_finite
0 8
fn=__atan2_finite
0 9
fn=__call_tls_dtors
0 12
fn=__cpu_indicator_init
0 347
fn=__ctype_init
0 17
fn=__cxa_atexit
0 33
fn=__cxa_finalize
0 684
fn=__cxxabiv1::__si_class_type_info::__do_dyncast(long, __cxxabiv1::__class_type_info::__sub_kind, __cxxabiv1::__class_type_info const*, void const*, __cxxabiv1::__class_type_info const*, void const*, __cxxabiv1::__class_type_info::__dyncast_result&) const
0 1480
fn=__cxxabiv1::__vmi_class_type_info::__do_dyncast(long, __cxxabiv1::__class_type_info::__sub_kind, __cxxabiv1::__class_type_info const*, void const*, __cxxabiv1::__class_type_info const*, void const*, __cxxabiv1::__class_type_info::__dyncast_result&) const
0 603
fn=__dynamic_cast
0 2695
fn=__exp_finite
0 9
fn=__gconv_btwoc_ascii
0 768
fn=__glibc_morecore
0 18
fn=__gnu_cxx::stdio_sync_filebuf<char, std::char_traits<char> >::overflow(int)
0 7
fn=__gnu_cxx::stdio_sync_filebuf<char, std::char_traits<char> >::sync()
0 12
fn=__gnu_cxx::stdio_sync_filebuf<char, std::char_traits<char> >::xsputn(char const*, long)
0 12
fn=__gnu_cxx::stdio_sync_filebuf<wchar_t, std::char_traits<wchar_t> >::sync()
0 9
fn=__init_misc
0 25
fn=__internal_atexit
0 440
fn=__libc_alloca_cutoff
0 11
fn=__libc_cleanup_pop_restore
0 18
fn=__libc_cleanup_push_defer
0 26
fn=__libc_early_init
0 50
fn=__libc_start_main@@GLIBC_2.34
0 80
fn=__lll_elision_init
0 37
fn=__log_finite
0 9
fn=__memchr_avx2
0 19
fn=__memcmp_avx2_movbe
0 1095
fn=__memcpy_avx_unaligned_erms
0 75
fn=__mempcpy_avx_unaligned_erms
0 8
fn=__mpn_cmp
0 24
fn=__mpn_divrem
0 322
fn=__mpn_extract_double
0 22
fn=__mpn_lshift
0 16
fn=__mpn_mul
0 43
fn=__mpn_mul_1
0 180
fn=__mpn_rshift
0 36
fn=__new_exitfn
0 392
fn=__overflow
0 18
fn=__pow_finite
0 8
fn=__printf_fp
0 7
fn=__printf_fp_l
0 943
fn=__pthread_mutex_unlock_usercnt
0 36
fn=__pthread_once_slow
0 114
fn=__pthread_tunables_init
0 21
fn=__run_exit_handlers
0 251
fn=__sigjmp_save
0 9
fn=__sigsetjmp
0 22
fn=__strchrnul_avx2
0 38
fn=__strcmp_avx2
0 198
fn=__strlen_avx2
0 980
fn=__strrchr_avx2
0 22
fn=__unregister_atfork
0 64
fn=__vfprintf_internal
0 284
fn=__vsnprintf_internal
0 57
fn=__x86_cacheinfo
0 28
fn=_dl_mcount_wrapper_check
0 768
fn=_init_first
0 19
fn=_int_malloc
0 848
fn=_pthread_cleanup_pop@@GLIBC_2.34
0 12
fn=_pthread_cleanup_push@@GLIBC_2.34
0 14
fn=_setjmp
0 3
fn=alloc_perturb
0 24
fn=bcmp
0 50
fn=bool std::has_facet<std::ctype<char> >(std::locale const&)
0 88
fn=bool std::has_facet<std::ctype<wchar_t> >(std::locale const&)
0 88
fn=bool std::has_facet<std::num_get<char, std::istreambuf_iterator<char, std::char_traits<char> > > >(std::locale const&)
0 88
fn=bool std::has_facet<std::num_get<wchar_t, std::istreambuf_iterator<wchar_t, std::char_traits<wchar_t> > > >(std::locale const&)
0 88
fn=bool std::has_facet<std::num_put<char, std::ostreambuf_iterator<char, std::char_traits<char> > > >(std::locale const&)
0 88
fn=bool std::has_facet<std::num_put<wchar_t, std::ostreambuf_iterator<wchar_t, std::char_traits<wchar_t> > > >(std::locale const&)
0 88
fn=brk
0 18
fn=btowc
0 9856
fn=check_stdfiles_vtables
0 12
fn=clock_gettime@@GLIBC_2.17
0 22
fn=cos
0 9
fn=cosf
0 9
fn=exit
0 8
fn=exp2f
0 9
fn=expf
0 9
fn=fflush
0 336
fn=free
0 78
fn=fstat
0 6
fn=fwrite
0 145
fn=getrlimit
0 10
fn=gettimeofday
0 7
fn=hack_digit
0 371
fn=index
0 44
fn=log2f
0 9
fn=logf
0 9
fn=malloc
0 223
fn=memchr
0 50
fn=memcpy@@GLIBC_2.14
0 72
fn=memmove
0 48
fn=mempcpy
0 24
fn=memrchr
0 28
fn=memset
0 78
fn=mmap
0 27
fn=munmap
0 18
fn=munmap_chunk
0 87
fn=new_do_write
0 56
fn=newlocale
0 46
fn=operator delete(void*)
0 6
fn=operator delete[](void*)
0 6
fn=operator new(unsigned long)
0 36
fn=operator new[](unsigned long)
0 6
fn=powf
0 9
fn=pthread_mutex_lock@@GLIBC_2.2.5
0 43
fn=pthread_mutex_unlock@@GLIBC_2.2.5
0 3
fn=pthread_once@@GLIBC_2.34
0 220
fn=ptmalloc_init.part.0
0 713
fn=putc
0 20
fn=rand
0 167772160
fn=random
0 704643072
fn=random_r
0 937359294
fn=rawmemchr
0 25
fn=rindex
0 28
fn=sbrk
0 49
fn=sin
0 9
fn=sincosf
0 9
fn=sinf
0 9
fn=srand
0 16
fn=srandom_r
0 6179
fn=std::__cxx11::messages<char>::messages(unsigned long)
0 20
fn=std::__cxx11::messages<wchar_t>::messages(unsigned long)
0 20
fn=std::__cxx11::moneypunct<char, false>::_M_initialize_moneypunct(__locale_struct*, char const*)
0 113
fn=std::__cxx11::moneypunct<char, true>::_M_initialize_moneypunct(__locale_struct*, char const*)
0 113
fn=std::__cxx11::moneypunct<wchar_t, false>::_M_initialize_moneypunct(__locale_struct*, char const*)
0 109
fn=std::__cxx11::moneypunct<wchar_t, true>::_M_initialize_moneypunct(__locale_struct*, char const*)
0 109
fn=std::__cxx11::numpunct<char>::_M_initialize_numpunct(__locale_struct*)
0 414
fn=std::__cxx11::numpunct<wchar_t>::_M_initialize_numpunct(__locale_struct*)
0 350
fn=std::__num_base::_S_format_float(std::ios_base const&, char*, char)
0 33
fn=std::__timepunct<char>::_M_initialize_timepunct(__locale_struct*)
0 106
fn=std::__timepunct<char>::__timepunct(std::__timepunct_cache<char>*, unsigned long)
0 23
fn=std::__timepunct<wchar_t>::_M_initialize_timepunct(__locale_struct*)
0 104
fn=std::__timepunct<wchar_t>::__timepunct(std::__timepunct_cache<wchar_t>*, unsigned long)
0 23
fn=std::basic_ios<char, std::char_traits<char> >::_M_cache_locale(std::locale const&)
0 124
fn=std::basic_ios<char, std::char_traits<char> >::init(std::basic_streambuf<char, std::char_traits<char> >*)
0 92
fn=std::basic_ios<wchar_t, std::char_traits<wchar_t> >::_M_cache_locale(std::locale const&)
0 124
fn=std::basic_ios<wchar_t, std::char_traits<wchar_t> >::init(std::basic_streambuf<wchar_t, std::char_traits<wchar_t> >*)
0 92
fn=std::basic_ostream<char, std::char_traits<char> >& std::__ostream_insert<char, std::char_traits<char> >(std::basic_ostream<char, std::char_traits<char> >&, char const*, long)
0 56
fn=std::basic_ostream<char, std::char_traits<char> >& std::operator<< <std::char_traits<char> >(std::basic_ostream<char, std::char_traits<char> >&, char const*)
0 19
fn=std::basic_ostream<wchar_t, std::char_traits<wchar_t> >::flush()
0 45
fn=std::chrono::_V2::steady_clock::now()
0 30
fn=std::codecvt<char, char, __mbstate_t>::codecvt(unsigned long)
0 18
fn=std::codecvt<wchar_t, char, __mbstate_t>::codecvt(unsigned long)
0 18
fn=std::ctype<char> const& std::use_facet<std::ctype<char> >(std::locale const&)
0 100
fn=std::ctype<char>::_M_widen_init() const
0 1088
fn=std::ctype<char>::ctype(unsigned short const*, bool, unsigned long)
0 116
fn=std::ctype<wchar_t> const& std::use_facet<std::ctype<wchar_t> >(std::locale const&)
0 80
fn=std::ctype<wchar_t>::_M_convert_to_wmask(unsigned short) const
0 146
fn=std::ctype<wchar_t>::_M_initialize_ctype()
0 2733
fn=std::ctype<wchar_t>::ctype(unsigned long)
0 20
fn=std::error_category::error_category()
0 10
fn=std::error_category::~error_category()
0 4
fn=std::future_category()
0 3
fn=std::ios_base::Init::Init()
0 279
fn=std::ios_base::Init::~Init()
0 25
fn=std::ios_base::_M_init()
0 208
fn=std::ios_base::ios_base()
0 472
fn=std::locale::_Impl::_Impl(unsigned long)
0 705
fn=std::locale::_Impl::_M_install_facet(std::locale::id const*, std::locale::facet const*)
0 12128
fn=std::locale::facet::_S_create_c_locale(__locale_struct*&, char const*, __locale_struct*)
0 10
fn=std::locale::facet::_S_get_c_locale()
0 135
fn=std::locale::facet::_S_get_c_name()
0 21
fn=std::locale::id::_M_id() const
0 1104
fn=std::locale::locale()
0 374
fn=std::locale::locale(std::locale::_Impl*)
0 3
fn=std::locale::operator=(std::locale const&)
0 160
fn=std::locale::~locale()
0 64
fn=std::messages<char>::messages(unsigned long)
0 20
fn=std::messages<wchar_t>::messages(unsigned long)
0 20
fn=std::moneypunct<char, false>::_M_initialize_moneypunct(__locale_struct*, char const*)
0 113
fn=std::moneypunct<char, true>::_M_initialize_moneypunct(__locale_struct*, char const*)
0 113
fn=std::moneypunct<wchar_t, false>::_M_initialize_moneypunct(__locale_struct*, char const*)
0 109
fn=std::moneypunct<wchar_t, true>::_M_initialize_moneypunct(__locale_struct*, char const*)
0 109
fn=std::num_get<char, std::istreambuf_iterator<char, std::char_traits<char> > > const& std::use_facet<std::num_get<char, std::istreambuf_iterator<char, std::char_traits<char> > > >(std::locale const&)
0 80
fn=std::num_get<wchar_t, std::istreambuf_iterator<wchar_t, std::char_traits<wchar_t> > > const& std::use_facet<std::num_get<wchar_t, std::istreambuf_iterator<wchar_t, std::char_traits<wchar_t> > > >(std::locale const&)
0 80
fn=std::num_put<char, std::ostreambuf_iterator<char, std::char_traits<char> > > const& std::use_facet<std::num_put<char, std::ostreambuf_iterator<char, std::char_traits<char> > > >(std::locale const&)
0 80
fn=std::num_put<char, std::ostreambuf_iterator<char, std::char_traits<char> > >::do_put(std::ostreambuf_iterator<char, std::char_traits<char> >, std::ios_base&, char, double) const
0 4
fn=std::num_put<wchar_t, std::ostreambuf_iterator<wchar_t, std::char_traits<wchar_t> > > const& std::use_facet<std::num_put<wchar_t, std::ostreambuf_iterator<wchar_t, std::char_traits<wchar_t> > > >(std::locale const&)
0 80
fn=std::numpunct<char>::_M_initialize_numpunct(__locale_struct*)
0 414
fn=std::numpunct<wchar_t>::_M_initialize_numpunct(__locale_struct*)
0 350
fn=std::ostream& std::ostream::_M_insert<double>(double)
0 75
fn=std::ostream::flush()
0 60
fn=std::ostream::put(char)
0 42
fn=std::ostream::sentry::sentry(std::ostream&)
0 69
fn=std::ostreambuf_iterator<char, std::char_traits<char> > std::num_put<char, std::ostreambuf_iterator<char, std::char_traits<char> > >::_M_insert_float<double>(std::ostreambuf_iterator<char, std::char_traits<char> >, std::ios_base&, char, char, double) const
0 150
fn=stpcpy
0 20
fn=stpncpy
0 20
fn=strcasecmp
0 22
fn=strcasecmp_l
0 22
fn=strcat
0 20
fn=strchrnul
0 28
fn=strcmp
0 44
fn=strcpy
0 20
fn=strcspn
0 7
fn=strlen
0 84
fn=strncasecmp
0 22
fn=strncasecmp_l
0 22
fn=strncmp
0 44
fn=strncpy
0 40
fn=strnlen
0 56
fn=strpbrk
0 7
fn=strspn
0 14
fn=strtol
0 5
fn=sysmalloc
0 336
fn=tcache_init.part.0
0 117
fn=time
0 7
fn=time_syscall
0 6
fn=uselocale
0 88
fn=vsnprintf
0 3
fn=wcschr
0 56
fn=wcscmp
0 56
fn=wcscpy
0 7
fn=wcslen
0 44
fn=wcsnlen
0 22
fn=wctob
0 2816
fn=wctype_l
0 1036
fn=wmemchr
0 75
fn=wmemcmp
0 50
fn=wmemset
0 57
fn=write
0 9
summary: 483319161135
